locus	chromosome	locus_start	locus_end	locus_size	lead_SNP	lead_p
locus1	1	19388707	21388707	2000001	rs927742	4.09e-09
locus2	1	25417412	27417412	2000001	rs6683792	1.03e-11
locus3	1	38248188	40248188	2000001	rs16826000	8.58e-21
locus4	1	49840657	51840657	2000001	rs12089749	4.04e-20
locus5	1	61114219	63114219	2000001	rs12140153	4.19e-10
locus6	1	94922987	96922987	2000001	rs12036036	3.52e-11
locus7	1	110730863	112730863	2000001	rs1546924	1.59e-09
locus8	1	115987885	117987885	2000001	rs1127655	1.42e-11
locus9	1	176916627	178916627	2000001	rs630372	1.58e-09
locus10	1	212981376	214981376	2000001	rs2075423	2.41e-21
locus11	1	218556664	220556664	2000001	rs1415293	2.81e-14
locus12	1	235264134	237264134	2000001	rs1749578	3.99e-12
locus13	2	-348570	1651430	2000001	rs12714415	6.33e-17
locus14	2	21316866	23316866	2000001	rs7585730	1.76e-11
locus15	2	26508073	28508073	2000001	rs1260326	1.98e-18
locus16	2	42382888	44382888	2000001	rs13408002	6.55e-30
locus17	2	58107969	61358671	3250703	rs243019	1.07e-15
locus18	2	64424717	66424717	2000001	rs12470883	1.41e-17
locus19	2	85787288	87787288	2000001	rs62146062	1.59e-09
locus20	2	104378370	106378370	2000001	rs28545614	1.3e-09
locus21	2	110177400	112177400	2000001	rs10169613	4.5e-11
locus22	2	119552202	121552202	2000001	rs12617662	1.92e-18
locus23	2	159056707	161056707	2000001	rs1355421	3.58e-11
locus24	2	163694691	165694691	2000001	rs7607980	2.02e-31
locus25	2	179742949	181742949	2000001	rs9630985	2.27e-09
locus26	2	194694614	196694614	2000001	rs10205281	1.3e-13
locus27	2	197041150	199041150	2000001	rs892513	4.08e-09
locus28	2	225236695	227236695	2000001	rs2972144	1.82e-46
locus29	3	11350773	13350773	2000001	rs7649970	1.9e-29
locus30	3	22413299	24413299	2000001	rs1496653	8.8e-29
locus31	3	46043369	48043369	2000001	rs12715421	1.14e-10
locus32	3	48828959	50828959	2000001	rs1128535	5.97e-11
locus33	3	51953629	53953629	2000001	rs9311485	2.3e-12
locus34	3	61126473	63126473	2000001	rs7640090	9.99e-14
locus35	3	63715470	65715470	2000001	rs9860730	3.96e-12
locus36	3	70478634	73744561	3265928	rs9836630	2.64e-11
locus37	3	93174366	95174366	2000001	rs9857105	6.47e-10
locus38	3	112581543	114581543	2000001	rs62265520	1.3e-12
locus39	3	122374683	124374683	2000001	rs2124500	7.12e-43
locus40	3	131034453	133034453	2000001	rs2178385	8.91e-10
locus41	3	149379848	151379848	2000001	rs9844972	6.71e-15
locus42	3	151470501	153470501	2000001	rs4622883	2.04e-13
locus43	3	170048829	172048829	2000001	rs11925227	2.05e-10
locus44	3	180388186	182388186	2000001	rs9815642	1.09e-11
locus45	3	184792402	189022735	4230334	rs11929397	2.88e-75
locus46	4	782878	4271055	3488178	rs76034781	4.42e-12
locus47	4	5292817	7292817	2000001	rs13103357	1.72e-48
locus48	4	12764453	14764453	2000001	rs7662934	3.68e-09
locus49	4	19112598	21112598	2000001	rs6844902	1.92e-10
locus50	4	81663343	83663343	2000001	rs993380	1.77e-14
locus51	4	98369171	100369171	2000001	rs56390365	1.24e-09
locus52	4	138962951	140962951	2000001	rs769670	9.6e-11
locus53	4	151490691	153490691	2000001	rs9991574	1.4e-12
locus54	5	13768199	15768199	2000001	rs3087948	4.52e-14
locus55	5	51281946	54975590	3693645	rs702634	7.35e-17
locus56	5	55560548	57560548	2000001	rs3843467	3.15e-18
locus57	5	66028467	68028467	2000001	rs463204	4.31e-12
locus58	5	74741261	78131486	3390226	rs6878122	4.56e-13
locus59	5	78144273	80144273	2000001	rs1664551	2.08e-09
locus60	5	87692916	89692916	2000001	rs2304607	1.22e-10
locus61	5	101188747	104201656	3012910	rs116234738	2.26e-26
locus62	6	6231610	8231610	2000001	rs9379084	3.39e-18
locus63	6	19687890	21687890	2000001	rs10440833	7.98e-76
locus64	6	30145275	34869089	4723815	rs9273368	2.34e-33
locus65	6	39426436	41426436	2000001	rs12173741	2.06e-09
locus66	6	42843237	44843237	2000001	rs9369425	5.1e-11
locus67	6	49821065	51821065	2000001	rs3798519	5.04e-16
locus68	6	74569808	76569808	2000001	rs7766794	6.56e-10
locus69	6	126093693	128093693	2000001	rs719727	2.27e-12
locus70	6	130605194	132605194	2000001	rs2608953	1.36e-10
locus71	6	141735930	143735930	2000001	rs4895598	6.95e-10
locus72	6	159351868	161351868	2000001	rs624319	4.64e-14
locus73	7	833285	2833285	2000001	rs4721089	2.01e-12
locus74	7	14024591	16024591	2000001	rs10258074	3e-35
locus75	7	25033929	27033929	2000001	rs10486490	2.91e-09
locus76	7	27149930	29149930	2000001	rs1635853	3.04e-38
locus77	7	69340426	71340426	2000001	rs1464786	5.37e-10
locus78	7	73693042	75693042	2000001	rs34324971	4.3e-14
locus79	7	99715797	101715797	2000001	rs506597	2.85e-09
locus80	7	116889587	118889587	2000001	rs10244364	1.8e-12
locus81	7	129754299	131754299	2000001	rs7783857	3.56e-14
locus82	7	156191153	158191153	2000001	rs7786095	3.46e-15
locus83	8	7729832	11120470	3390639	rs13260303	1.25e-10
locus84	8	36000965	38000965	2000001	rs13365225	1.3e-09
locus85	8	40668396	42668396	2000001	rs750625	2.93e-33
locus86	8	70548379	72548379	2000001	rs10112467	1.51e-09
locus87	8	93925274	95925274	2000001	rs7845219	1.75e-15
locus88	8	116208031	118208031	2000001	rs11774700	4.38e-43
locus89	9	3290085	5290085	2000001	rs4237150	9.71e-16
locus90	9	18044539	20044539	2000001	rs6475311	1.14e-09
locus91	9	21134069	23134069	2000001	rs10811660	1.4e-55
locus92	9	32890934	34890934	2000001	rs7038553	1.1e-11
locus93	9	78290675	80290675	2000001	rs17791513	1.43e-14
locus94	9	80694033	82694033	2000001	rs2796441	3.7e-17
locus95	9	99750181	101750181	2000001	rs7873130	6.5e-10
locus96	9	109005918	111005918	2000001	rs59104421	2.17e-09
locus97	9	122244790	124244790	2000001	rs10985911	4.79e-10
locus98	9	131006056	134261703	3255648	rs687289	6.7e-14
locus99	9	135340958	137340958	2000001	rs60980157	3.48e-23
locus100	10	11208862	13208862	2000001	rs7100710	6.62e-27
locus101	10	49873699	51873699	2000001	rs4317935	2.43e-10
locus102	10	60970253	62970253	2000001	rs12249208	5.75e-12
locus103	10	68710213	70710213	2000001	rs10762307	5.73e-12
locus104	10	78182863	80182863	2000001	rs810517	1.39e-35
locus105	10	87006611	89006611	2000001	rs10887775	7.89e-12
locus106	10	91706738	93706738	2000001	rs10882102	1.44e-63
locus107	10	96215962	98215962	2000001	rs701814	5.39e-13
locus108	10	111994312	113994312	2000001	rs34872471	0
locus109	10	120144836	123432914	3288079	rs11592174	5.78e-12
locus110	11	1825839	3825839	2000001	rs163184	1.16e-43
locus111	11	16384070	18384070	2000001	rs1002226	1.34e-20
locus112	11	29344019	31344019	2000001	rs1228479	1.54e-10
locus113	11	33755691	35755691	2000001	rs16926116	2.51e-11
locus114	11	42591876	44591876	2000001	rs2625387	2e-12
locus115	11	48328475	50328475	2000001	rs3974686	8.19e-11
locus116	11	64510990	66510990	2000001	rs10896012	2.49e-13
locus117	11	71749353	73749353	2000001	rs77464186	1.06e-21
locus118	11	91957495	93957495	2000001	rs11020124	9.29e-22
locus119	11	127529043	129529043	2000001	rs67232546	2.42e-11
locus120	12	3275678	5275678	2000001	rs76895963	4.27e-25
locus121	12	18023611	20023611	2000001	rs55688155	3.01e-09
locus122	12	25318431	28812063	3493633	rs12578595	5.58e-14
locus123	12	51945250	53945250	2000001	rs12423065	3.54e-09
locus124	12	64781398	66781398	2000001	rs2261070	1.4e-24
locus125	12	70030622	72030622	2000001	rs7956274	3.63e-12
locus126	12	94493245	96493245	2000001	rs301043	1.48e-09
locus127	12	102267326	104267326	2000001	rs11111510	3.36e-09
locus128	12	120034128	122034128	2000001	rs7965349	2e-17
locus129	12	123083909	125083909	2000001	rs825476	3.59e-16
locus130	12	131495777	133495777	2000001	rs7315900	1.72e-09
locus131	13	25207391	27207391	2000001	rs10507349	2.52e-13
locus132	13	31986355	33986355	2000001	rs11839569	1.28e-12
locus133	13	50335019	52335019	2000001	rs9788315	3.11e-10
locus134	13	79134597	81134597	2000001	rs1327315	8.31e-33
locus135	13	108294865	110294865	2000001	rs7987740	2.05e-10
locus136	14	37334552	39334552	2000001	rs2183237	2.42e-12
locus137	14	57330929	59330929	2000001	rs58231973	6.97e-10
locus138	14	67883811	69883811	2000001	rs12431732	9.63e-10
locus139	14	78210144	80210144	2000001	rs61995406	1.57e-10
locus140	14	102428683	104428683	2000001	rs3783395	2.2e-11
locus141	15	37580914	39580914	2000001	rs34715063	2.41e-16
locus142	15	40509314	42509314	2000001	rs2289739	2.37e-11
locus143	15	49031929	51031929	2000001	rs35609972	4.46e-10
locus144	15	61102491	63102491	2000001	rs6494307	8.92e-15
locus145	15	74633251	78579697	3946447	rs907381	1.93e-15
locus146	15	79085110	81085110	2000001	rs6495474	6.86e-10
locus147	15	88848038	91969037	3121000	rs1371135	5.61e-23
locus148	16	-754204	1245796	2000001	rs6600191	2.74e-09
locus149	16	52776774	54776774	2000001	rs7193144	1.59e-63
locus150	16	68624093	70624093	2000001	rs244420	3.4e-18
locus151	16	74208114	76208114	2000001	rs889512	4.58e-21
locus152	16	80510227	82510227	2000001	rs2927307	1.99e-12
locus153	17	3178680	5178680	2000001	rs2278524	5.76e-15
locus154	17	28270268	30270268	2000001	rs2429244	4.44e-09
locus155	17	35510707	38739849	3229143	rs11651755	3.9e-23
locus156	17	41583623	43583623	2000001	rs10454087	7.27e-16
locus157	17	47862296	49862296	2000001	rs10278	1.32e-16
locus158	17	57680223	59680223	2000001	rs302864	2.23e-09
locus159	17	62589646	64589646	2000001	rs72845888	3.26e-10
locus160	17	66649976	68649976	2000001	rs11658220	2.78e-09
locus161	18	6076837	9795612	3718776	rs9948462	5.29e-11
locus162	18	22523945	24523945	2000001	rs891387	1.61e-11
locus163	18	59208994	61208994	2000001	rs11663816	3.53e-17
locus164	18	62228169	64228169	2000001	rs71353381	6.78e-10
locus165	19	6913545	8913545	2000001	rs3679	7.2e-18
locus166	19	11899829	13899829	2000001	rs9384	1.89e-09
locus167	19	18296909	20296909	2000001	rs10401969	6.74e-18
locus168	19	32406572	34406572	2000001	rs3786901	8.91e-14
locus169	19	44653761	46653761	2000001	rs10406431	1.89e-24
locus170	20	21461358	23461358	2000001	rs6048110	1.44e-10
locus171	20	32821336	34821336	2000001	rs2626562	2.79e-10
locus172	20	43357077	45357077	2000001	rs2144908	5.37e-16
locus173	20	45970451	47970451	2000001	rs55966194	4.52e-19
locus174	20	49213728	51213728	2000001	rs6012876	5.78e-13
locus175	20	61650521	64819311	3168791	rs6011155	1.17e-15
locus176	21	44217498	46217498	2000001	rs9637192	5.41e-10
locus177	22	29020538	31020538	2000001	rs41278853	2.85e-12
locus178	22	31110063	33110063	2000001	rs33954001	1.07e-09
locus179	22	45250166	47250166	2000001	rs111280202	8.59e-10
locus180	22	49001001	51001001	2000001	rs137845	3.99e-12
