SNP	chromosome	position	pvalue
rs927742	1	20388707	4.09e-09
rs6683792	1	26417412	1.03e-11
rs16826000	1	39248188	8.58e-21
rs12089749	1	50840657	4.04e-20
rs12140153	1	62114219	4.19e-10
rs12036036	1	95922987	3.52e-11
rs1546924	1	111730863	1.59e-09
rs1127655	1	116987885	1.42e-11
rs630372	1	177916627	1.58e-09
rs2075423	1	213981376	2.41e-21
rs1415293	1	219556664	2.81e-14
rs1749578	1	236264134	3.99e-12
rs12714415	2	651430	6.33e-17
rs7585730	2	22316866	1.76e-11
rs1260326	2	27508073	1.98e-18
rs13408002	2	43382888	6.55e-30
rs7575523	2	59107969	2.05e-15
rs243019	2	60358671	1.07e-15
rs12470883	2	65424717	1.41e-17
rs62146062	2	86787288	1.59e-09
rs28545614	2	105378370	1.3e-09
rs10169613	2	111177400	4.5e-11
rs12617662	2	120552202	1.92e-18
rs1355421	2	160056707	3.58e-11
rs7607980	2	164694691	2.02e-31
rs9630985	2	180742949	2.27e-09
rs10205281	2	195694614	1.3e-13
rs892513	2	198041150	4.08e-09
rs2972144	2	226236695	1.82e-46
rs7649970	3	12350773	1.9e-29
rs1496653	3	23413299	8.8e-29
rs12715421	3	47043369	1.14e-10
rs1128535	3	49828959	5.97e-11
rs9311485	3	52953629	2.3e-12
rs7640090	3	62126473	9.99e-14
rs9860730	3	64715470	3.96e-12
rs9836630	3	71478634	2.64e-11
rs13080180	3	72744561	6.62e-11
rs9857105	3	94174366	6.47e-10
rs62265520	3	113581543	1.3e-12
rs2124500	3	123374683	7.12e-43
rs2178385	3	132034453	8.91e-10
rs9844972	3	150379848	6.71e-15
rs4622883	3	152470501	2.04e-13
rs11925227	3	171048829	2.05e-10
rs9815642	3	181388186	1.09e-11
rs11929397	3	185792402	2.88e-75
rs6444188	3	186960148	3.87e-12
rs6808574	3	188022735	1.92e-21
rs6831006	4	1782878	1.06e-10
rs76034781	4	3271055	4.42e-12
rs13103357	4	6292817	1.72e-48
rs7662934	4	13764453	3.68e-09
rs6844902	4	20112598	1.92e-10
rs993380	4	82663343	1.77e-14
rs56390365	4	99369171	1.24e-09
rs769670	4	139962951	9.6e-11
rs9991574	4	152490691	1.4e-12
rs3087948	5	14768199	4.52e-14
rs9918131	5	52281946	4.37e-10
rs702634	5	53975590	7.35e-17
rs3843467	5	56560548	3.15e-18
rs463204	5	67028467	4.31e-12
rs56912706	5	75741261	6.83e-11
rs6878122	5	77131486	4.56e-13
rs1664551	5	79144273	2.08e-09
rs2304607	5	88692916	1.22e-10
rs61435247	5	102188747	3.44e-11
rs116234738	5	103201656	2.26e-26
rs9379084	6	7231610	3.39e-18
rs10440833	6	20687890	7.98e-76
rs3094225	6	31145275	1.44e-24
rs9273368	6	32658698	2.34e-33
rs4713705	6	33869089	9.66e-11
rs12173741	6	40426436	2.06e-09
rs9369425	6	43843237	5.1e-11
rs3798519	6	50821065	5.04e-16
rs7766794	6	75569808	6.56e-10
rs719727	6	127093693	2.27e-12
rs2608953	6	131605194	1.36e-10
rs4895598	6	142735930	6.95e-10
rs624319	6	160351868	4.64e-14
rs4721089	7	1833285	2.01e-12
rs10258074	7	15024591	3e-35
rs10486490	7	26033929	2.91e-09
rs1635853	7	28149930	3.04e-38
rs1464786	7	70340426	5.37e-10
rs34324971	7	74693042	4.3e-14
rs506597	7	100715797	2.85e-09
rs10244364	7	117889587	1.8e-12
rs7783857	7	130754299	3.56e-14
rs7786095	7	157191153	3.46e-15
rs13260303	8	8729832	1.25e-10
rs17689289	8	10120470	3.25e-09
rs13365225	8	37000965	1.3e-09
rs750625	8	41668396	2.93e-33
rs10112467	8	71548379	1.51e-09
rs7845219	8	94925274	1.75e-15
rs11774700	8	117208031	4.38e-43
rs4237150	9	4290085	9.71e-16
rs6475311	9	19044539	1.14e-09
rs10811660	9	22134069	1.4e-55
rs7038553	9	33890934	1.1e-11
rs17791513	9	79290675	1.43e-14
rs2796441	9	81694033	3.7e-17
rs7873130	9	100750181	6.5e-10
rs59104421	9	110005918	2.17e-09
rs10985911	9	123244790	4.79e-10
rs7025089	9	132006056	9.12e-10
rs687289	9	133261703	6.7e-14
rs60980157	9	136340958	3.48e-23
rs7100710	10	12208862	6.62e-27
rs4317935	10	50873699	2.43e-10
rs12249208	10	61970253	5.75e-12
rs10762307	10	69710213	5.73e-12
rs810517	10	79182863	1.39e-35
rs10887775	10	88006611	7.89e-12
rs10882102	10	92706738	1.44e-63
rs701814	10	97215962	5.39e-13
rs34872471	10	112994312	0
rs11592174	10	121144836	5.78e-12
rs10510110	10	122432914	4.73e-11
rs163184	11	2825839	1.16e-43
rs1002226	11	17384070	1.34e-20
rs1228479	11	30344019	1.54e-10
rs16926116	11	34755691	2.51e-11
rs2625387	11	43591876	2e-12
rs3974686	11	49328475	8.19e-11
rs10896012	11	65510990	2.49e-13
rs77464186	11	72749353	1.06e-21
rs11020124	11	92957495	9.29e-22
rs67232546	11	128529043	2.42e-11
rs76895963	12	4275678	4.27e-25
rs55688155	12	19023611	3.01e-09
rs10842707	12	26318431	1.32e-11
rs12578595	12	27812063	5.58e-14
rs12423065	12	52945250	3.54e-09
rs2261070	12	65781398	1.4e-24
rs7956274	12	71030622	3.63e-12
rs301043	12	95493245	1.48e-09
rs11111510	12	103267326	3.36e-09
rs7965349	12	121034128	2e-17
rs825476	12	124083909	3.59e-16
rs7315900	12	132495777	1.72e-09
rs10507349	13	26207391	2.52e-13
rs11839569	13	32986355	1.28e-12
rs9788315	13	51335019	3.11e-10
rs1327315	13	80134597	8.31e-33
rs7987740	13	109294865	2.05e-10
rs2183237	14	38334552	2.42e-12
rs58231973	14	58330929	6.97e-10
rs12431732	14	68883811	9.63e-10
rs61995406	14	79210144	1.57e-10
rs3783395	14	103428683	2.2e-11
rs34715063	15	38580914	2.41e-16
rs2289739	15	41509314	2.37e-11
rs35609972	15	50031929	4.46e-10
rs6494307	15	62102491	8.92e-15
rs11856606	15	75633251	1.48e-12
rs907381	15	77579697	1.93e-15
rs6495474	15	80085110	6.86e-10
rs1371135	15	89848038	5.61e-23
rs2290202	15	90969037	4.45e-12
rs6600191	16	245796	2.74e-09
rs7193144	16	53776774	1.59e-63
rs244420	16	69624093	3.4e-18
rs889512	16	75208114	4.58e-21
rs2927307	16	81510227	1.99e-12
rs2278524	17	4178680	5.76e-15
rs2429244	17	29270268	4.44e-09
rs2306593	17	36510707	1.15e-09
rs11651755	17	37739849	3.9e-23
rs10454087	17	42583623	7.27e-16
rs10278	17	48862296	1.32e-16
rs302864	17	58680223	2.23e-09
rs72845888	17	63589646	3.26e-10
rs11658220	17	67649976	2.78e-09
rs9948462	18	7076837	5.29e-11
rs62086596	18	8795612	1.4e-09
rs891387	18	23523945	1.61e-11
rs11663816	18	60208994	3.53e-17
rs71353381	18	63228169	6.78e-10
rs3679	19	7913545	7.2e-18
rs9384	19	12899829	1.89e-09
rs10401969	19	19296909	6.74e-18
rs3786901	19	33406572	8.91e-14
rs10406431	19	45653761	1.89e-24
rs6048110	20	22461358	1.44e-10
rs2626562	20	33821336	2.79e-10
rs2144908	20	44357077	5.37e-16
rs55966194	20	46970451	4.52e-19
rs6012876	20	50213728	5.78e-13
rs3843758	20	62650521	7.43e-10
rs6011155	20	63819311	1.17e-15
rs9637192	21	45217498	5.41e-10
rs41278853	22	30020538	2.85e-12
rs33954001	22	32110063	1.07e-09
rs111280202	22	46250166	8.59e-10
rs137845	22	50001001	3.99e-12
